time,x,y,z,phi,theta,psi,x_velocity,y_velocity,z_velocity,phi_velocity,theta_velocity,psi_velocity,rotor_speed1,rotor_speed2,rotor_speed3,rotor_speed4
0.06,-7.83183283468e-08,-8.18600440387e-08,10.0044358213,6.28289501501,8.45691764875e-05,0.0,-7.37578049957e-06,-1.59693670191e-05,0.147852294358,-0.0168932857402,0.00408932543091,0.0,451.9981962109337,452.3275476407033,452.1735278612113,450.81088990627387
0.12000000000000001,-4.28393960879e-06,-1.14564040172e-05,10.0199048933,6.2826145444,0.000769088330351,0.0,-0.000192076841712,-0.000432010561832,0.367737883514,0.0125428934545,0.0230511102386,0.0,472.5096974771501,473.9688890930363,472.53835080355867,474.8017465580777
0.18,-3.6847147528e-05,-4.56913279564e-05,10.0448177421,0.000632289913685,0.00217192264785,0.0,-0.00103438202973,-0.000606957025363,0.462656019517,0.0319327711394,0.02403141042,0.0,435.33883895280684,435.42091000983703,434.69574699741287,436.3172908820775
0.23999999999999996,-0.00015662420644,-5.87216108812e-05,10.0786242302,0.00253638084414,0.00335568882329,0.0,-0.00311370895327,0.000396059394809,0.664130483103,0.0313361122424,0.00932354231909,0.0,468.8613201318482,467.71736916459,468.22470607534274,468.17859932706335
0.3,-0.000414303720242,2.37391669502e-05,10.1211910518,0.00413910617757,0.00425187957628,0.0,-0.00555051771742,0.00252982737116,0.754706832688,0.0153307952183,0.024294370552,0.0,433.46118642562993,434.717206111512,435.32452537684645,433.98353988755895
0.36000000000000004,-0.000852122427333,0.000275455214403,10.172008964,0.00469337794391,0.00542620851887,0.0,-0.00919608615528,0.00594935078737,0.939088908192,-0.00716588926827,0.00788445797455,0.0,464.00680537524,462.7168854932178,464.5374153141262,462.77013526711016
0.4200000000000001,-0.00154431891798,0.000751250784822,10.2361742265,0.00501835795834,0.0055551341681,0.0,-0.0139182305158,0.00991232060727,1.19951654468,0.0229990749894,-0.0129359946779,0.0,487.56353202482853,486.00569295768804,484.18091257758,486.4447322056477
0.48000000000000015,-0.00249919448155,0.00146282532365,10.3125906181,0.00664115819353,0.00494129307718,0.0,-0.0178347855628,0.013970896695,1.34753304106,0.0341117042727,-0.00530529021647,0.0,453.1271992250283,453.7402706839629,452.7567210141042,453.6499684843864
0.5400000000000001,-0.00367254874746,0.00244971692913,10.3969530262,0.00872794607624,0.0044108139558,0.0,-0.0212332030612,0.0191404807883,1.46440317199,0.0360833063825,-0.0170660904096,0.0,443.7889556756452,442.82276640978273,444.6725044475835,444.834481714355
0.6000000000000002,-0.00504036651086,0.00380024587939,10.4893000203,0.0108678052853,0.0036892766812,0.0,-0.0242662053332,0.0261105612261,1.61362928323,0.0348130921532,-0.0034824688457,0.0,453.3390413477255,454.4292142854645,454.88203403668416,454.7808428450802
0.6600000000000003,-0.00656739198844,0.00558355112144,10.587697521,0.0131292168767,0.0041340796136,0.0,-0.0266512341742,0.0335391890618,1.66620943762,0.0428983178805,0.023250345875,0.0,422.8079119910268,425.1046078618705,424.10920570926675,424.80376930856977
0.7200000000000003,-0.00826487606663,0.00790099604869,10.6924222813,0.0158740762259,0.00518643633885,0.0,-0.0300698256828,0.0440003987901,1.82437191097,0.0509098011564,0.00254539563266,0.0,458.13901068824094,456.4898516241594,457.7343404903392,458.3725536911696
0.7800000000000004,-0.0101730796663,0.0108690648853,10.8041784722,0.0189617588589,0.00523494276176,0.0,-0.0335464940838,0.0552356559466,1.9007049174,0.0525419303873,-0.00291415510091,0.0,432.4623435057511,432.0022492520506,432.97994308803464,433.1190001898861
0.8400000000000004,-0.0122805242286,0.0145379904291,10.9187104511,0.0221837833799,0.00528360227431,0.0,-0.0366966800224,0.0673469684334,1.91699423392,0.0559213162054,0.00737889273604,0.0,413.36548185895526,414.27147941045934,412.3784821507657,412.679018151751
0.9000000000000005,-0.0145953936782,0.0190593793301,11.0371461001,0.0254178638189,0.00562400120218,0.0,-0.0405055978737,0.0837044822298,2.03065663083,0.0495217548056,0.00202295759607,0.0,445.54594814051745,445.10777643717086,444.6182786105642,444.0956153427727
0.9600000000000005,-0.0171521468817,0.0246639190979,11.163719411,0.0289215927085,0.00550382343044,0.0,-0.0447196974731,0.103468216055,2.18815494232,0.07194626491,-0.0116025418588,0.0,458.96796396581215,457.8853767225661,458.2543765704476,460.03550529720195
1.0200000000000005,-0.0199703207928,0.0316129511651,11.3022799342,0.0330486004238,0.00423132672285,0.0,-0.0491195093285,0.128671935421,2.43003038192,0.0615629604175,-0.0596651379911,0.0,487.0271620430417,483.4188900643447,483.82727356892866,483.04807087391737
1.0800000000000005,-0.0229905130653,0.040018453557,11.4507341251,0.0365703962099,0.0010346141165,0.0,-0.0512155725771,0.151867178611,2.51823926707,0.0522426333183,-0.0428624703946,0.0,439.10879049344237,440.4984412654853,438.56905691436026,437.7967032772248
1.1400000000000006,-0.0260731859262,0.0497753519154,11.6015264889,0.0395757307126,6.28152909966,0.0,-0.0513149289943,0.173626626144,2.50818321755,0.0453920019227,-0.0491435998761,0.0,407.88505927524955,407.322363024755,406.83448431897074,406.2224687799745
1.2000000000000006,-0.0291069632486,0.0610201440786,11.754987923,0.0425112741817,6.27879177217,0.0,-0.0495227631818,0.201479157526,2.60696272637,0.0551908027659,-0.0393762475855,0.0,441.8942680834307,442.6974207685022,442.8165632651193,443.6233502523729
1.2600000000000007,-0.0319621196623,0.0741476536543,11.9178273305,0.0458897416246,6.27600953929,0.0,-0.0453531654678,0.236479329684,2.82049298877,0.0584522472916,-0.0664706889824,0.0,478.01868380106015,475.9482394329783,478.9244796617421,479.1743789375686
1.3200000000000007,-0.0345298577623,0.0892388884024,12.0887882565,0.0490590194271,6.27165228085,0.0,-0.039843818306,0.266876797569,2.87803887758,0.0381191013946,-0.0892291218531,0.0,432.03527773500343,430.1076059879485,432.2904096091611,430.5754742644166
1.3800000000000008,-0.0366545056599,0.106302617948,12.2650525651,0.0512630057347,6.2658421526,0.0,-0.0304044545514,0.3021327899,2.99710960378,0.0338068173328,-0.119841086648,0.0,451.0148854895776,448.527170463189,452.5500444032457,452.2033986337875
1.4400000000000008,-0.0381446810776,0.125353482634,12.4450973473,0.0530873673593,6.25851323331,0.0,-0.0186276081039,0.333063626855,3.00433871446,0.0225497845225,-0.127211566919,0.0,415.8626535454871,415.20184001748515,416.4848010798804,415.4994109566423
1.5000000000000009,-0.0387018741489,0.146484405042,12.629210232,0.0544177471345,6.25168811124,0.0,0.000804374013796,0.371421197068,3.13238167824,0.0214086464446,-0.0953256663596,0.0,451.8920335897969,454.44316131797945,456.16333395864393,456.0722056426523
1.560000000000001,-0.0379965196998,0.169871289803,12.8196514353,0.0561898319277,6.24584759372,0.0,0.0232751612985,0.408280917258,3.21539387505,0.0421869200216,-0.101711010175,0.0,442.94803766504606,442.4144214035952,439.246311993442,440.9663901766838
1.620000000000001,-0.0357493910099,0.195619557872,13.0170074392,0.0592191437488,6.24016313621,0.0,0.0522527829513,0.450273477305,3.36266520952,0.0633534052604,-0.083556560152,0.0,460.6220291151678,462.04807099862626,461.5586665046808,463.2276063353021
1.680000000000001,-0.0316012729556,0.224013527068,13.224107617,0.0633699263998,6.23504782373,0.0,0.0865690980309,0.496608738154,3.54007414381,0.0788307780973,-0.0888869179961,0.0,472.2976744313909,471.8808486362726,471.07446845031984,472.2730605828278
1.740000000000001,-0.0255640711073,0.254909302091,13.4359883722,0.0681041943636,6.23042346941,0.0,0.115089651904,0.533649722043,3.52261052494,0.0790513460874,-0.06027683587,0.0,409.4812548232461,412.01299721664486,412.00394602898814,412.02896378117515
1.8000000000000012,-0.0174828170734,0.288440274874,13.6516238608,0.0727467650705,6.2267101105,0.0,0.154658174638,0.584520785827,3.66471615226,0.0737979356713,-0.0653251126135,0.0,462.2845233460191,461.8839444500092,463.27773571523505,462.8689508044975
1.8600000000000012,-0.00678660843736,0.325326082433,13.8785238607,0.0773880988069,6.22271147658,0.0,0.202319505546,0.645494652183,3.89775515914,0.0836569537383,-0.0694198447815,0.0,490.6214462741302,490.31446252337986,489.97384688489876,490.7103933253399
1.9200000000000013,0.00661016448128,0.365656321065,14.1151820473,0.0828526791228,6.21804602079,0.0,0.244654491166,0.69934551255,3.99043317896,0.102839594075,-0.104920871441,0.0,451.6041156882149,448.7258731223254,449.6056216571661,451.16390129835236
1.9800000000000013,0.0227883487244,0.409506316121,14.3594525352,0.0893171957249,6.21215472523,0.0,0.295253219535,0.7629647085,4.15120169502,0.116078489779,-0.0873152458056,0.0,470.9831313632235,472.3350824267437,471.68150515741576,472.71223529763427
2.0400000000000014,0.0420608894827,0.45723156328,14.6123700756,0.09629545243,6.20663390656,0.0,0.347697804568,0.828561612431,4.27875807077,0.116751657497,-0.103617079078,0.0,463.3765973492395,462.0862862756388,464.0446690547639,464.10899125077174
2.1000000000000014,0.0648684889448,0.509373746686,14.8763154049,0.10335047385,6.20070664317,0.0,0.413224715872,0.910266716773,4.51829714552,0.119196406284,-0.090557177723,0.0,497.3504198049247,498.29877378678617,497.12300045199106,497.3129116926136
2.1600000000000015,0.0910102438055,0.565666584049,15.1457920951,0.110593795826,6.19611749143,0.0,0.458572138818,0.966739913001,4.46432726687,0.123608182506,-0.0574764047506,0.0,406.7941963310946,409.74038804383054,408.3727421738431,408.7806705067997
2.2200000000000015,0.120381906498,0.626022556631,15.4169880452,0.118233696593,6.19223899244,0.0,0.520811914224,1.04583901692,4.57490700105,0.133890511984,-0.0855134180872,0.0,462.7996116445579,460.5840970681962,461.37367180044765,462.198911486664
2.2800000000000016,0.153426441952,0.691090927883,15.6931811949,0.126020895459,6.18743365151,0.0,0.581119021378,1.12381470089,4.63109029932,0.119975083271,-0.0710012808805,0.0,445.5888392770941,446.76854145945,446.6551384896196,445.53394402729697
2.3400000000000016,0.190374429485,0.761239297866,15.9747205374,0.132856963402,6.18385087264,0.0,0.650829437175,1.21511641287,4.75282546794,0.097750605124,-0.0434639317455,0.0,466.76294145574985,468.904720895103,467.8171494495065,466.09386631900793
2.4000000000000017,0.231122374917,0.836398512377,16.2590497486,0.138338495087,6.18096070253,0.0,0.707664183057,1.29065560513,4.72476407528,0.0738107220076,-0.0598010553364,0.0,421.2138795119387,419.7967917917204,422.6370417648093,420.57558273721486
2.4600000000000017,0.275808234131,0.916814498149,16.5462483207,0.142342547297,6.17733591499,0.0,0.782179162472,1.39021964248,4.84779669175,0.0462685111888,-0.0616656922238,0.0,469.01909656891473,468.8718588761094,470.9161615046889,468.78347570516826
2.520000000000002,0.324772565732,1.00291908873,16.8383080156,0.145387360902,6.17333454781,0.0,0.850290855498,1.48014153654,4.88718205151,0.0584618034009,-0.0793317254435,0.0,445.5232652345076,444.07285247886733,444.42024203237185,445.4202902877624
2.580000000000002,0.377495812684,1.09394129769,17.1290967622,0.148736095285,6.16881231592,0.0,0.907526703082,1.5542017066,4.80596053257,0.0499053276141,-0.0684408326625,0.0,405.5334976685685,406.5056529420171,404.8519180050173,404.08360434358855
2.640000000000002,0.434137319645,1.18998787061,17.4185675813,0.151502141048,6.16475615537,0.0,0.980867509222,1.64754709527,4.8427154629,0.0371353664056,-0.0659777547205,0.0,444.17975659245417,444.3783039180608,445.087121572121,444.04185167633443
2.700000000000002,0.495653431561,1.29218237286,17.7135236986,0.153546090169,6.16087898214,0.0,1.06999872329,1.75901510082,4.98830044938,0.0270865973125,-0.0620340172596,0.0,478.88741188360234,479.18459888497927,478.92187314881045,478.15723515494165
2.760000000000002,0.562430612595,1.40088889705,18.0158351164,0.155446638323,6.15672333605,0.0,1.15622416143,1.86458670339,5.0880893861,0.0395568172062,-0.0904176333343,0.0,469.0970549737973,466.8837425628469,464.8788629780697,465.8554187722143
2.820000000000002,0.634282535678,1.51573390597,18.3226572724,0.157831629862,6.1521630475,0.0,1.23925119213,1.96370416501,5.13885101357,0.040133075768,-0.0566788038214,0.0,451.8843683448447,454.59142710851864,452.4252104959813,452.4723833195755
2.880000000000002,0.710974271822,1.63629906079,18.6308525491,0.160321453964,6.14887549705,0.0,1.3174046037,2.05528620555,5.1341442705,0.044093607932,-0.0512655406791,0.0,435.4560780662842,435.9066713667159,436.0590884653164,436.39082013975445
2.940000000000002,0.792291475904,1.7622553716,18.9378905088,0.163247609299,6.14557164235,0.0,1.39342118897,2.1434471224,5.10040650134,0.056777091441,-0.0640122037461,0.0,427.4055321631272,426.31533963324557,426.0280809126979,427.11293456111196
3.000000000000002,0.879003677013,1.89445730162,19.2484143036,0.166101942873,6.14214401726,0.0,1.4972435471,2.2634473762,5.2493928549,0.0137242763236,-0.0460503985317,0.0,484.0232572875518,485.3713025349718,485.70684570507444,482.46766792453906
3.0600000000000023,0.972057862848,2.03395157221,19.5681594902,0.167248677921,6.13953603621,0.0,1.60470625165,2.38625652438,5.40777608035,0.0281527424484,-0.038744464242,0.0,488.85297989337977,489.39628509194523,488.47585076661284,489.5507236030041
3.1200000000000023,1.07092340848,2.18003943892,19.8927074985,0.169445041478,6.13723015383,0.0,1.69096940319,2.48342855096,5.41026437335,0.0496562040694,-0.0378125816095,0.0,443.16910058675614,443.2449830196133,442.0755234799556,443.84479605028946
3.1800000000000024,1.17512746348,2.33213534913,20.2182377759,0.173193901909,6.13523081667,0.0,1.7826210776,2.58664036364,5.44033342673,0.0802975533912,-0.0255885844234,0.0,452.36178178925945,453.3448061898643,450.845372438596,453.31734120264224
3.2400000000000024,1.28471754164,2.49032293738,20.5446116207,0.178333209433,6.13371550478,0.0,1.87045912242,2.68663176914,5.43851837238,0.0946478264027,-0.0245967109739,0.0,442.04466088870595,442.1262945521496,443.5830027143801,444.76607725085626
3.3000000000000025,1.39975201167,2.65477466814,20.8718591052,0.183654438319,6.13260776446,0.0,1.96405268664,2.79548303293,5.46925582481,0.0727968747423,-0.00838466451864,0.0,452.6069381799261,453.9101388690977,456.03606072649836,454.29314175180355
3.3600000000000025,1.52026748436,2.82566505954,21.199988301,0.187843609111,6.13181593059,0.0,2.05311838585,2.90114224647,5.46811706889,0.0630816493463,-0.0251698944171,0.0,446.02258645280267,444.6494173094345,444.95261834815034,444.16006698976474
3.4200000000000026,1.64636870051,3.00323930795,21.5295250374,0.191160766285,6.13052744381,0.0,2.15027913941,3.01818618886,5.51589550263,0.0312684106025,-0.0149547827728,0.0,460.83273147112754,461.6396493772629,462.28089593549794,459.7684975402137
3.4800000000000026,1.7776538707,3.187062374,21.8577025276,0.193795151207,6.12934866786,0.0,2.22597618655,3.10940516901,5.42362257351,0.0615402649915,-0.0312376816449,0.0,416.86391621012535,415.4382466634369,414.6677270027818,417.32027327844776
3.5400000000000027,1.91334263775,3.37619984084,22.1793840429,0.197181746214,6.12758080501,0.0,2.29714065254,3.19543632572,5.29948637744,0.043560014558,-0.0261353239504,0.0,403.7363307518112,404.1961806997341,405.38486438393124,403.7680077452415
3.6000000000000028,2.05324305571,3.57043548839,22.4931457659,0.199961868948,6.12610829646,0.0,2.36635012592,3.27928871727,5.15972922937,0.0513754160411,-0.0215317880342,0.0,397.0635463322038,397.4855936466434,397.70191235652555,398.4188210189216
3.660000000000003,2.19853793535,3.7712706818,22.8061224204,0.203335886955,6.12448970025,0.0,2.47678292771,3.41530145401,5.27192842268,0.0645091324076,-0.0410336278134,0.0,480.7331557973216,479.2527204039757,479.2464413104732,480.24571889477005
3.720000000000003,2.35000322921,3.97971091648,23.1228546704,0.206685033464,6.12251723762,0.0,2.57215885408,3.53288347679,5.28540824299,0.0262510778726,-0.0201820208057,0.0,450.39943844841156,452.0825668391263,452.31811702816,449.2276419366519
3.780000000000003,2.50723203774,4.19526478685,23.4404949638,0.20939488461,6.12151995981,0.0,2.66879409283,3.65228495714,5.30223886112,0.0682698702015,-0.0103120181686,0.0,452.2435882439066,453.03813918865586,451.40025841110105,454.78007868326387
3.840000000000003,2.67054769914,4.41838334,23.7608358185,0.214010512041,6.12135952564,0.0,2.77492682763,3.78520058918,5.37504788153,0.0902186366265,0.00937371092308,0.0,470.7147442815871,472.2360475567814,470.30195560839036,472.0034275265237
3.900000000000003,2.83991020348,4.64915245369,24.0836842559,0.219084004635,6.12164363706,0.0,2.87032792462,3.9074131757,5.38615442745,0.0697573079923,-0.00669386747535,0.0,453.1492804165512,451.85547705470265,455.2308912702475,453.59583269416464
3.960000000000003,3.01517402502,4.8875804956,24.4083359787,0.222919848333,6.12091524795,0.0,2.97169421748,4.04034486572,5.4349428514,0.0485286205129,-0.0262032711196,0.0,467.6321563440423,466.10973404159773,466.4901313568439,464.83180796138925
4.020000000000002,3.19581383463,5.1330702601,24.7316692235,0.226190271818,6.11907541342,0.0,3.04974004877,4.14281725015,5.34303021285,0.0643688818876,-0.0415445528858,0.0,421.76596184877764,420.4381124419356,420.9117420993032,422.2828414109444
4.080000000000001,3.3810861395,5.38464301578,25.0490738256,0.229993930882,6.11658923237,0.0,3.12617665361,4.24316626879,5.23735277776,0.0613712566816,-0.0412208801137,0.0,416.44651814029817,416.47379921896777,415.9740565385736,415.71462275664
4.14,3.57180231142,5.64339647686,25.3649343803,0.233353721444,6.11385755204,0.0,3.23111124066,4.38201290964,5.29062012727,0.042184161319,-0.0559461198782,0.0,469.2434275002487,468.09752978556196,468.5760048948093,467.0835940345011
4.199999999999998,3.76887126616,5.9105321632,25.6840479929,0.235912319786,6.11128875811,0.0,3.33795946702,4.52245898591,5.34578889686,0.0435458865211,-0.0246933385751,0.0,468.33276857622457,470.7567128204277,471.01622200724336,471.1224262527432
4.259999999999997,3.97265758604,6.18648657999,26.0079981958,0.238334795141,6.10932293688,0.0,3.45484772368,4.67591187113,5.45155039352,0.033129617878,-0.0583254747813,0.0,487.8439545996751,485.32509541844036,488.2571686541946,487.47993994153137
4.319999999999996,4.18264250929,6.470525663,26.3335931335,0.240455709663,6.10609082887,0.0,3.54485162601,4.79205773607,5.40152676853,0.0394524149048,-0.0461857196448,0.0,439.55064324258547,440.553820611917,439.7346526071756,440.25880231104935
4.379999999999995,4.39875670548,6.76245660677,26.6599165069,0.2422873296,6.10318831978,0.0,3.65902103979,4.93883835938,5.47505967842,-0.000868270285892,-0.0531575193332,0.0,479.62389438734493,479.0927190832625,481.6262920410839,478.5664869422689
4.439999999999993,4.62076747901,7.06187446918,26.9853295304,0.242474235296,6.10049633713,0.0,3.74153702299,5.04166231623,5.37236368546,0.0100829079806,-0.0320139952956,0.0,423.17080007188594,424.98608802341363,423.6072738752009,424.5481725900015
4.499999999999992,4.84830605948,7.36815380178,27.3075030971,0.24367837882,6.09950275469,0.0,3.8430609351,5.16749192098,5.36648372235,0.0349055547398,0.00371117125915,0.0,454.02737826328456,456.8853118551476,455.09280294721634,457.0758454793661
4.559999999999991,5.08184890264,7.68187074238,27.6289081042,0.245553867801,6.09998931844,0.0,3.94152998045,5.28970130615,5.34683872383,0.0227292783182,0.0157069163048,0.0,451.9903278857572,452.9562088019378,451.77840579150745,450.7956192731361
4.6199999999999894,5.32165482436,8.00342786521,27.9511696702,0.247698835291,6.10147759262,0.0,4.05165379637,5.42873203476,5.39464727788,0.0537610290408,0.0386222702566,0.0,472.6793084195227,474.4424746637037,472.6388799315115,475.02552536827983
4.679999999999988,5.56848331056,8.33397571549,28.2788003927,0.251455014719,6.10374140945,0.0,4.17537281902,5.58947018158,5.52522339184,0.0761158383899,0.0358842530018,0.0,500.56959773603614,500.3707653396457,498.63880534004926,500.27184925426974
4.739999999999987,5.82123342855,8.67225712714,28.606625685,0.256578522183,6.10568666548,0.0,4.2494441169,5.68688552857,5.40270159093,0.0994112156529,0.024395934362,0.0,422.13173485539045,421.13934165371415,420.1220592142505,422.1439100446762
4.799999999999986,6.07858291984,9.01672236815,28.928203624,0.262490901002,6.10719940053,0.0,4.32866929491,5.79563410429,5.3166676801,0.0967383746602,0.0267966447525,0.0,432.4298959596549,432.63226457194645,433.87777220740907,433.66184038445607
4.859999999999984,6.34098004178,9.36827521665,29.2464726585,0.268120465193,6.10930266488,0.0,4.41757328077,5.92306435733,5.29201566371,0.0872569878024,0.0478672816857,0.0,452.89313138124777,454.5856559124886,453.4456190523419,452.6903289479759
4.919999999999983,6.6091176214,9.72825413292,29.5658528465,0.27297285038,6.1120575989,0.0,4.5197958119,6.07635946895,5.35319241741,0.0633534589305,0.0416960359466,0.0,481.39528238005084,480.9290161903648,482.0538122829426,480.2482157084319
4.979999999999982,6.88266811047,10.0964846316,29.8853256678,0.27650225642,6.11421982338,0.0,4.59823672667,6.19811022289,5.29593613668,0.0477349851293,0.0212324287344,0.0,446.7264044033128,445.05468508054895,444.45756237065046,443.1776411343661
5.0399999999999805,7.16147047712,10.4730046059,30.2047700673,0.279570339165,6.11570134037,0.0,4.69478993099,6.35244064765,5.35149366269,0.0571873778489,0.0308408878932,0.0,480.8035633544579,481.5312043541054,480.37614855466467,481.094015009919
